9.639130972521124663e-02
1.044239188689788517e-01
1.124565280127464567e-01
1.204891371565140479e-01
1.285217463002816529e-01
1.365543554440492580e-01
1.445869645878168630e-01
1.526195737315844680e-01
1.606521828753520731e-01
1.686847920191196781e-01
1.767174011628872832e-01
1.847500103066548882e-01
1.927826194504224655e-01
2.008152285941900983e-01
2.088478377379576756e-01
2.168804468817253084e-01
2.249130560254928857e-01
2.329456651692605185e-01
2.409782743130280958e-01
2.490108834567957286e-01
2.570434926005633058e-01
2.650761017443309386e-01
2.731087108880985159e-01
2.811413200318661487e-01
2.891739291756337260e-01
