-1.000000000000000056e-01
-9.166666666666667407e-02
-8.333333333333334259e-02
-7.500000000000001110e-02
-6.666666666666667962e-02
-5.833333333333334120e-02
-5.000000000000000278e-02
-4.166666666666667129e-02
-3.333333333333333981e-02
-2.500000000000000833e-02
-1.666666666666667684e-02
-8.333333333333345361e-03
0.000000000000000000e+00
8.333333333333331483e-03
1.666666666666666297e-02
2.499999999999999445e-02
3.333333333333332593e-02
4.166666666666665741e-02
4.999999999999998890e-02
5.833333333333332038e-02
6.666666666666665186e-02
7.499999999999998335e-02
8.333333333333331483e-02
9.166666666666664631e-02
1.000000000000000056e-01
